%YAML:1.0
DescType: 1
LocalAlgo: 1
DescTypeString: Sift
LocalAlgoString: Sift
DescStruct:
   name: "Feature2D.SIFT"
   contrastThreshold: 4.0000000000000001e-02
   edgeThreshold: 10.
   nFeatures: 0
   nOctaveLayers: 3
   sigma: 1.6000000000000001e+00
Descriptors: !!opencv-matrix
   rows: 112
   cols: 128
   dt: f
   data: [ 0., 0., 4., 35., 14., 0., 0., 0., 1., 13., 13., 36., 40., 0.,
       0., 0., 53., 51., 17., 7., 4., 0., 0., 10., 67., 54., 2., 0., 0.,
       0., 9., 38., 0., 0., 6., 41., 29., 0., 0., 0., 23., 8., 6., 90.,
       67., 0., 0., 5., 138., 21., 5., 17., 6., 0., 26., 138., 36., 3.,
       0., 0., 0., 0., 138., 138., 0., 0., 12., 37., 9., 0., 0., 0., 61.,
       17., 5., 67., 66., 0., 0., 5., 138., 138., 14., 7., 5., 0., 16.,
       136., 47., 129., 138., 3., 0., 0., 81., 123., 0., 0., 0., 0., 0.,
       0., 0., 0., 7., 2., 0., 3., 3., 0., 0., 0., 58., 36., 7., 1., 0.,
       0., 0., 0., 6., 37., 100., 8., 0., 0., 0., 0., 6., 0., 0., 0., 0.,
       0., 1., 2., 13., 1., 0., 0., 0., 4., 2., 2., 51., 5., 0., 0., 0.,
       0., 0., 0., 7., 0., 0., 0., 0., 0., 0., 0., 94., 36., 2., 1., 0.,
       3., 3., 10., 115., 28., 5., 14., 14., 29., 10., 13., 181., 77.,
       0., 1., 1., 1., 0., 14., 77., 10., 0., 0., 0., 0., 1., 2., 69.,
       71., 6., 1., 0., 0., 0., 2., 157., 46., 21., 18., 5., 1., 0., 50.,
       181., 20., 0., 1., 0., 0., 0., 108., 93., 8., 0., 0., 0., 0., 0.,
       6., 35., 8., 0., 0., 0., 0., 3., 38., 154., 10., 1., 0., 0., 0.,
       0., 160., 181., 20., 0., 0., 0., 0., 0., 72., 68., 12., 0., 0.,
       0., 0., 0., 0., 40., 2., 1., 0., 0., 0., 3., 13., 180., 0., 0.,
       0., 0., 0., 0., 51., 168., 2., 0., 0., 0., 0., 0., 15., 1., 0.,
       0., 0., 0., 0., 0., 0., 58., 0., 0., 0., 0., 2., 8., 19., 180.,
       27., 3., 0., 0., 0., 0., 46., 148., 38., 48., 0., 0., 0., 0., 7.,
       0., 2., 17., 0., 0., 0., 0., 0., 65., 0., 0., 0., 3., 3., 1., 10.,
       180., 87., 13., 0., 0., 0., 1., 32., 47., 77., 142., 0., 0., 0.,
       14., 19., 0., 2., 41., 0., 0., 0., 5., 1., 54., 2., 0., 1., 2.,
       1., 0., 6., 180., 82., 16., 0., 0., 0., 0., 25., 26., 104., 26.,
       0., 0., 0., 14., 18., 0., 7., 4., 0., 0., 0., 6., 1., 59., 1., 0.,
       0., 1., 4., 5., 12., 163., 82., 8., 0., 0., 0., 0., 13., 99., 83.,
       134., 0., 0., 0., 1., 2., 0., 1., 54., 0., 0., 0., 0., 0., 75.,
       1., 0., 1., 5., 2., 0., 7., 163., 76., 8., 0., 0., 0., 0., 48.,
       68., 83., 84., 0., 0., 0., 30., 51., 0., 4., 29., 0., 0., 0., 18.,
       3., 63., 3., 0., 0., 4., 3., 1., 7., 163., 154., 39., 0., 0., 0.,
       2., 17., 52., 163., 73., 0., 0., 0., 4., 14., 3., 38., 14., 0.,
       0., 0., 2., 1., 44., 2., 1., 1., 3., 2., 0., 8., 115., 17., 5.,
       0., 0., 0., 9., 60., 82., 57., 7., 0., 0., 0., 6., 41., 9., 18.,
       3., 0., 0., 0., 0., 0., 9., 6., 71., 19., 0., 0., 30., 58., 5.,
       5., 74., 23., 0., 4., 89., 76., 52., 17., 17., 1., 0., 0., 19.,
       134., 9., 1., 0., 0., 0., 1., 47., 88., 90., 1., 5., 3., 5., 7.,
       60., 134., 29., 1., 0., 0., 75., 53., 122., 69., 134., 8., 0., 0.,
       10., 4., 10., 72., 31., 3., 0., 0., 3., 1., 5., 18., 134., 0., 0.,
       0., 15., 3., 2., 30., 48., 3., 0., 1., 134., 21., 1., 6., 134.,
       30., 0., 1., 24., 2., 0., 6., 33., 16., 0., 0., 2., 0., 0., 0.,
       134., 2., 0., 0., 11., 1., 0., 0., 33., 5., 0., 4., 134., 5., 0.,
       0., 124., 48., 0., 4., 29., 0., 0., 0., 41., 19., 0., 0., 1., 0.,
       0., 0., 105., 6., 8., 18., 23., 0., 0., 21., 92., 117., 30., 22.,
       19., 0., 1., 3., 22., 84., 75., 0., 0., 1., 1., 1., 0., 17., 65.,
       4., 0., 0., 0., 0., 102., 49., 4., 22., 71., 0., 0., 4., 117.,
       52., 7., 18., 62., 2., 17., 48., 37., 53., 50., 0., 0., 41., 102.,
       25., 0., 23., 93., 1., 1., 42., 61., 0., 94., 88., 5., 15., 37.,
       10., 1., 4., 117., 117., 20., 12., 39., 16., 8., 13., 26., 117.,
       117., 0., 0., 15., 36., 6., 0., 66., 97., 0., 0., 38., 62., 0.,
       117., 5., 0., 3., 11., 13., 1., 12., 15., 20., 5., 5., 17., 24.,
       11., 10., 5., 60., 53., 0., 0., 0., 0., 2., 0., 63., 97., 0., 0.,
       0., 0., 0., 102., 4., 2., 8., 1., 0., 0., 88., 40., 8., 14., 90.,
       12., 0., 0., 65., 120., 49., 13., 15., 1., 0., 1., 43., 28., 27.,
       1., 0., 0., 3., 1., 13., 120., 13., 7., 43., 10., 0., 1., 39.,
       113., 9., 7., 85., 14., 4., 12., 120., 70., 70., 1., 2., 2., 71.,
       30., 88., 17., 120., 10., 0., 1., 12., 0., 0., 32., 1., 2., 21.,
       46., 13., 7., 56., 120., 114., 1., 9., 11., 8., 9., 43., 51.,
       120., 0., 0., 5., 119., 8., 13., 3., 75., 13., 0., 15., 109., 0.,
       0., 5., 5., 7., 13., 5., 2., 2., 4., 25., 61., 0., 0., 1., 1., 3.,
       4., 32., 120., 0., 0., 1., 10., 0., 0., 7., 70., 1., 0., 8., 84.,
       0., 0., 53., 2., 5., 3., 0., 0., 8., 120., 35., 4., 43., 44., 0.,
       0., 20., 120., 35., 19., 60., 43., 0., 0., 21., 83., 50., 12., 4.,
       0., 0., 0., 15., 114., 17., 2., 14., 41., 23., 4., 35., 94., 69.,
       4., 49., 51., 5., 5., 46., 120., 65., 15., 10., 12., 20., 37.,
       89., 120., 109., 37., 0., 0., 2., 2., 1., 50., 19., 2., 7., 16.,
       17., 9., 10., 17., 120., 46., 0., 2., 6., 9., 14., 87., 77., 26.,
       0., 0., 103., 81., 13., 19., 93., 80., 0., 1., 19., 11., 0., 0.,
       19., 3., 0., 0., 0., 0., 0., 2., 120., 71., 0., 0., 0., 0., 0.,
       1., 92., 45., 0., 1., 80., 43., 0., 0., 42., 56., 1., 2., 49.,
       22., 0., 0., 12., 0., 0., 2., 49., 2., 0., 1., 155., 4., 0., 1.,
       17., 0., 0., 17., 101., 1., 0., 0., 40., 19., 2., 11., 0., 0., 0.,
       0., 155., 60., 0., 0., 12., 1., 0., 2., 49., 13., 8., 5., 155.,
       23., 10., 2., 16., 5., 4., 28., 110., 20., 76., 36., 26., 2., 0.,
       1., 0., 0., 18., 82., 155., 15., 0., 0., 3., 1., 73., 21., 4.,
       16., 21., 6., 87., 56., 155., 5., 1., 5., 9., 27., 18., 35., 155.,
       47., 1., 0., 0., 2., 1., 3., 66., 124., 90., 2., 0., 0., 4., 4.,
       76., 16., 0., 0., 1., 13., 22., 14., 59., 1., 0., 0., 0., 29.,
       15., 13., 31., 1., 0., 0., 1., 33., 2., 3., 6., 7., 54., 13., 1.,
       6., 35., 32., 25., 26., 16., 2., 1., 6., 127., 7., 2., 2., 3.,
       10., 10., 29., 15., 2., 2., 4., 10., 129., 45., 16., 1., 0., 0.,
       0., 3., 129., 53., 4., 71., 29., 5., 2., 0., 0., 5., 18., 129.,
       28., 1., 1., 1., 2., 22., 45., 30., 4., 12., 24., 29., 24., 66.,
       41., 19., 7., 18., 15., 17., 106., 42., 19., 25., 2., 0., 0., 0.,
       5., 96., 81., 129., 40., 2., 2., 4., 5., 37., 44., 46., 32., 15.,
       40., 104., 30., 4., 5., 40., 33., 64., 43., 25., 12., 4., 10., 6.,
       22., 2., 0., 0., 40., 129., 23., 25., 17., 3., 21., 29., 88.,
       129., 13., 7., 16., 90., 105., 55., 20., 11., 2., 0., 2., 92.,
       97., 32., 3., 0., 0., 0., 0., 0., 0., 5., 18., 9., 1., 28., 1.,
       0., 0., 0., 0., 4., 10., 93., 0., 0., 0., 0., 0., 0., 33., 83.,
       0., 0., 0., 0., 0., 0., 15., 2., 0., 0., 6., 41., 13., 6., 2.,
       95., 6., 0., 0., 0., 3., 7., 13., 167., 10., 0., 0., 0., 0., 0.,
       82., 167., 22., 0., 0., 0., 0., 0., 33., 16., 3., 2., 17., 29.,
       0., 1., 2., 85., 5., 0., 0., 0., 1., 7., 17., 167., 105., 0., 0.,
       0., 0., 0., 10., 167., 118., 0., 0., 0., 0., 0., 1., 29., 1., 0.,
       6., 14., 0., 0., 3., 50., 2., 0., 0., 0., 0., 1., 18., 167., 72.,
       0., 0., 0., 0., 0., 22., 167., 112., 3., 0., 0., 0., 5., 37., 47.,
       74., 1., 0., 0., 0., 1., 2., 149., 52., 1., 0., 0., 0., 1., 27.,
       149., 34., 0., 0., 0., 0., 0., 10., 10., 34., 0., 0., 0., 0., 0.,
       0., 34., 53., 4., 1., 3., 1., 0., 2., 149., 84., 5., 0., 0., 0.,
       0., 17., 144., 75., 50., 0., 0., 0., 0., 4., 3., 68., 24., 0., 0.,
       0., 0., 0., 44., 1., 0., 0., 3., 4., 7., 30., 149., 73., 40., 0.,
       0., 0., 1., 32., 30., 84., 149., 2., 0., 0., 0., 1., 21., 149.,
       77., 0., 0., 0., 0., 0., 8., 0., 0., 1., 14., 15., 69., 87., 31.,
       52., 30., 8., 19., 9., 12., 16., 2., 68., 52., 2., 0., 0., 0., 0.,
       26., 131., 15., 2., 0., 0., 0., 0., 0., 0., 2., 27., 19., 0., 0.,
