%YAML:1.0
DescType: 1
LocalAlgo: 1
DescTypeString: Sift
LocalAlgoString: Sift
DescStruct:
   name: "Feature2D.SIFT"
   contrastThreshold: 4.0000000000000001e-02
   edgeThreshold: 10.
   nFeatures: 0
   nOctaveLayers: 3
   sigma: 1.6000000000000001e+00
Descriptors: !!opencv-matrix
   rows: 109
   cols: 128
   dt: f
   data: [ 3., 0., 0., 0., 0., 0., 0., 0., 171., 5., 0., 0., 0., 0., 0.,
       24., 171., 0., 0., 1., 25., 2., 0., 17., 23., 0., 0., 0., 7., 1.,
       0., 16., 7., 1., 0., 0., 0., 0., 0., 9., 171., 12., 0., 0., 0.,
       0., 0., 105., 171., 4., 0., 3., 20., 1., 0., 19., 31., 0., 0., 0.,
       3., 1., 0., 18., 8., 6., 0., 0., 0., 2., 1., 3., 171., 84., 0.,
       0., 1., 2., 2., 33., 171., 24., 0., 2., 5., 1., 0., 10., 35., 0.,
       0., 0., 0., 0., 0., 13., 3., 1., 0., 0., 10., 16., 1., 1., 171.,
       25., 0., 0., 14., 18., 3., 11., 171., 9., 0., 0., 0., 0., 0., 7.,
       27., 0., 0., 0., 0., 0., 0., 10., 0., 0., 0., 7., 17., 3., 0., 0.,
       13., 4., 3., 80., 118., 22., 1., 1., 163., 15., 5., 20., 21., 5.,
       0., 10., 57., 0., 0., 0., 0., 0., 0., 7., 0., 0., 0., 11., 48.,
       2., 0., 0., 34., 9., 0., 89., 163., 12., 0., 1., 163., 15., 0.,
       17., 24., 2., 0., 15., 67., 1., 0., 0., 0., 0., 0., 7., 0., 0.,
       0., 9., 70., 6., 1., 0., 62., 5., 0., 61., 163., 15., 0., 1.,
       163., 6., 0., 9., 23., 1., 0., 18., 56., 0., 0., 0., 0., 0., 0.,
       9., 0., 0., 0., 8., 73., 15., 2., 0., 62., 1., 0., 37., 163., 28.,
       1., 8., 163., 1., 0., 3., 12., 3., 1., 28., 42., 0., 0., 0., 0.,
       0., 0., 5., 0., 0., 0., 7., 35., 2., 0., 0., 24., 7., 0., 57.,
       161., 10., 0., 0., 161., 14., 0., 12., 18., 1., 0., 5., 49., 0.,
       0., 0., 0., 0., 0., 5., 0., 0., 0., 6., 58., 6., 1., 0., 49., 4.,
       0., 50., 161., 18., 0., 1., 161., 7., 0., 8., 25., 1., 0., 9.,
       58., 0., 0., 0., 0., 0., 0., 6., 0., 0., 0., 7., 74., 21., 2., 0.,
       56., 1., 0., 34., 161., 38., 1., 7., 161., 1., 0., 3., 20., 5.,
       1., 25., 57., 0., 0., 0., 0., 0., 0., 4., 0., 0., 0., 6., 106.,
       25., 0., 0., 43., 1., 0., 27., 161., 29., 1., 9., 161., 2., 0.,
       2., 10., 3., 1., 20., 40., 0., 0., 0., 0., 0., 0., 3., 0., 0., 0.,
       2., 81., 1., 0., 0., 26., 4., 1., 6., 138., 11., 1., 11., 138.,
       19., 0., 1., 7., 2., 0., 42., 138., 3., 0., 0., 0., 0., 0., 9.,
       0., 0., 0., 1., 102., 2., 0., 0., 28., 16., 2., 6., 138., 13., 0.,
       9., 138., 59., 1., 2., 9., 2., 0., 30., 138., 11., 0., 0., 0., 0.,
       0., 6., 0., 0., 0., 2., 101., 1., 0., 0., 27., 8., 2., 13., 138.,
       10., 0., 8., 138., 33., 1., 3., 10., 2., 0., 26., 132., 31., 0.,
       0., 0., 0., 0., 4., 0., 0., 0., 4., 83., 0., 0., 0., 29., 7., 1.,
       18., 138., 0., 0., 4., 138., 22., 1., 3., 9., 0., 0., 28., 57.,
       16., 1., 0., 0., 0., 0., 5., 0., 0., 0., 5., 56., 16., 1., 0., 7.,
       0., 0., 31., 138., 20., 0., 3., 138., 0., 0., 5., 33., 7., 1.,
       24., 86., 0., 0., 0., 0., 0., 0., 7., 0., 0., 0., 5., 137., 28.,
       0., 0., 10., 2., 0., 29., 138., 30., 1., 3., 138., 7., 0., 8.,
       28., 8., 2., 17., 102., 0., 0., 0., 0., 0., 0., 4., 0., 0., 0.,
       9., 138., 8., 0., 0., 9., 2., 0., 34., 138., 56., 1., 2., 138.,
       10., 0., 9., 27., 14., 2., 9., 100., 1., 0., 0., 0., 0., 0., 2.,
       0., 0., 0., 13., 138., 2., 0., 0., 9., 3., 0., 45., 138., 17., 0.,
       1., 138., 9., 1., 11., 23., 4., 1., 9., 75., 0., 0., 0., 0., 0.,
       0., 3., 0., 0., 0., 10., 142., 5., 0., 0., 20., 4., 0., 45., 136.,
       24., 1., 1., 142., 10., 1., 7., 13., 4., 1., 6., 48., 0., 0., 0.,
       0., 0., 0., 1., 0., 0., 0., 13., 142., 4., 0., 0., 33., 4., 0.,
       35., 142., 24., 1., 2., 142., 9., 0., 5., 18., 3., 1., 8., 56.,
       2., 0., 0., 0., 0., 0., 1., 1., 1., 0., 8., 142., 10., 0., 0.,
       34., 3., 0., 27., 142., 34., 1., 4., 142., 6., 0., 3., 15., 5.,
       1., 14., 52., 4., 0., 0., 0., 0., 0., 1., 2., 0., 0., 7., 142.,
       5., 0., 0., 29., 3., 0., 22., 142., 17., 0., 1., 142., 8., 0., 3.,
       12., 2., 0., 2., 39., 3., 0., 0., 0., 0., 0., 0., 0., 0., 0., 10.,
       137., 5., 0., 0., 20., 2., 0., 30., 142., 19., 1., 2., 142., 7.,
       0., 4., 15., 3., 1., 9., 55., 2., 0., 0., 0., 0., 0., 1., 0., 0.,
       0., 11., 142., 7., 0., 0., 29., 2., 0., 30., 142., 27., 1., 3.,
       142., 6., 0., 4., 17., 4., 1., 13., 64., 3., 0., 0., 0., 0., 0.,
       1., 0., 0., 0., 9., 142., 5., 0., 0., 32., 2., 0., 28., 142., 21.,
       0., 1., 142., 6., 0., 3., 16., 3., 0., 3., 61., 4., 0., 0., 0.,
       0., 0., 0., 0., 0., 0., 8., 142., 3., 0., 0., 28., 1., 0., 21.,
       142., 16., 1., 3., 142., 2., 0., 2., 10., 2., 1., 13., 42., 3.,
       0., 0., 0., 0., 0., 1., 1., 0., 0., 8., 138., 5., 0., 0., 22., 2.,
       0., 24., 143., 19., 0., 1., 143., 9., 0., 3., 15., 3., 0., 4.,
       49., 3., 0., 0., 0., 0., 0., 0., 2., 0., 0., 7., 143., 5., 0., 0.,
       29., 3., 0., 29., 143., 20., 0., 2., 143., 7., 0., 4., 18., 3.,
       0., 6., 60., 5., 0., 0., 0., 0., 0., 0., 2., 0., 0., 6., 143., 5.,
       0., 0., 33., 1., 0., 24., 143., 22., 1., 4., 143., 2., 0., 3.,
       16., 3., 1., 14., 55., 4., 0., 0., 0., 0., 0., 1., 2., 0., 0., 5.,
       143., 5., 0., 0., 29., 1., 0., 16., 143., 13., 0., 6., 143., 3.,
       0., 2., 9., 2., 0., 15., 37., 4., 0., 0., 0., 0., 0., 1., 12.,
       12., 5., 41., 95., 0., 0., 0., 132., 87., 6., 8., 5., 0., 0., 0.,
       74., 15., 0., 0., 0., 0., 0., 0., 10., 0., 0., 0., 0., 0., 0., 1.,
       17., 13., 17., 132., 68., 0., 0., 5., 132., 102., 21., 29., 4.,
       0., 0., 26., 120., 45., 34., 0., 0., 0., 0., 1., 9., 21., 15., 0.,
       0., 0., 0., 0., 24., 1., 8., 102., 14., 33., 131., 54., 132., 32.,
       18., 6., 0., 4., 30., 116., 38., 60., 132., 2., 0., 3., 54., 28.,
       42., 63., 40., 0., 0., 0., 13., 33., 2., 0., 0., 0., 43., 73.,
       99., 10., 104., 2., 0., 0., 12., 14., 28., 65., 46., 2., 3., 0.,
       0., 1., 85., 60., 15., 2., 0., 0., 0., 0., 27., 46., 6., 5., 4.,
       46., 94., 0., 0., 0., 137., 38., 6., 13., 14., 0., 0., 1., 75.,
       4., 0., 0., 3., 2., 0., 2., 0., 0., 0., 1., 18., 4., 0., 0., 19.,
       9., 8., 137., 67., 0., 0., 2., 137., 60., 14., 33., 6., 0., 0.,
       14., 100., 18., 41., 5., 2., 0., 0., 1., 0., 0., 36., 22., 15.,
       0., 0., 0., 25., 1., 3., 92., 26., 55., 101., 32., 137., 27., 20.,
       8., 1., 5., 38., 104., 29., 21., 137., 15., 0., 13., 61., 7., 0.,
       0., 137., 34., 1., 14., 54., 0., 6., 0., 0., 2., 36., 62., 67.,
       10., 109., 0., 0., 1., 7., 9., 36., 83., 18., 0., 3., 1., 0., 15.,
       122., 21., 0., 0., 3., 1., 1., 28., 114., 0., 80., 30., 8., 90.,
       60., 1., 2., 5., 127., 107., 29., 8., 0., 0., 1., 4., 9., 15.,
       119., 54., 0., 1., 8., 1., 0., 0., 87., 78., 4., 3., 22., 2., 48.,
       3., 1., 32., 24., 34., 127., 63., 127., 32., 14., 5., 0., 5., 49.,
       118., 14., 4., 43., 24., 0., 6., 127., 53., 0., 0., 18., 12., 1.,
       7., 127., 26., 5., 1., 0., 0., 54., 65., 87., 8., 127., 31., 0.,
       0., 18., 11., 15., 36., 83., 13., 0., 0., 0., 2., 41., 26., 0.,
       0., 0., 0., 3., 9., 29., 3., 1., 0., 0., 0., 98., 19., 0., 0.,
       127., 38., 0., 0., 34., 6., 0., 0., 105., 30., 0., 0., 0., 1., 0.,
       0., 1., 0., 0., 0., 3., 6., 0., 0., 4., 97., 72., 46., 12., 0.,
       0., 0., 100., 146., 12., 0., 0., 0., 0., 0., 79., 46., 1., 0., 0.,
       0., 1., 1., 3., 13., 6., 0., 0., 0., 5., 1., 26., 84., 69., 25.,
       10., 0., 0., 2., 146., 146., 16., 0., 0., 0., 0., 14., 146., 56.,
       7., 0., 0., 0., 0., 2., 1., 18., 31., 1., 0., 0., 0., 0., 82., 8.,
       3., 5., 4., 0., 0., 22., 146., 24., 1., 0., 0., 0., 1., 84., 79.,
       80., 46., 0., 0., 0., 4., 7., 0., 16., 91., 9., 0., 0., 0., 0.,
       112., 1., 0., 1., 0., 0., 0., 62., 146., 2., 0., 0., 0., 0., 8.,
       146., 11., 9., 9., 0., 0., 9., 41., 22., 0., 3., 23., 9., 6., 28.,
       13., 0., 8., 55., 55., 68., 123., 1., 0., 0., 94., 152., 29., 2.,
       0., 0., 0., 0., 13., 40., 45., 35., 2., 1., 0., 0., 5., 8., 14.,
